 1
 3
 7
 14
 24
 34
 1
 3
 6
 1
 2
 5
 1
 3
 6
 1
 3
 6
 1
 3
 7
 14
 24
 34
 1
 2
 4
 8
 1
 3
 7
 14
 25
 36
 44
 55
 1
 2
 5
 11
 1
 3
 6
 1
 3
 6
 1
 3
 7
 14
 24
 34
 1
 3
 6
 1
 2
 5
 1
 3
 7
 14
 24
 34
 1
 3
 6
 1
 2
 5
 1
 2
 4
 9
 18
 1
 2
 5
 1
 3
 7
 14
 24
 34
 1
 3
 7
 14
 24
 34
 1
 3
 6
 1
 2
 5
 1
 3
 6
 1
 3
 6
 1
 2
 4
 8
 16
 28
 39
 50
 1
 2
 4
 8
 1
 3
 6
 1
 2
 5
 1
 3
 6
 1
 2
 5
 1
 3
 6
 1
 3
 7
 14
 24
 34
 1
 2
 5
 1
 3
 6
 1
 3
 6
 1
 2
 5
 1
 3
 6
 1
 2
 4
 9
 18
 31
 1
 3
 7
 1
 2
 5
 1
 3
 6
 1
 2
 4
 9
 18
 31
 1
 3
 7
 14
 24
 35
 43
 1
 2
 5
 11
 20
 1
 2
 5
 11
 20
 1
 3
 7
 1
 2
 4
 9
 18
 31
 1
 2
 4
 9
 19
 1
 2
 5
 1
 2
 4
 8
 16
 1
 3
 6
 1
 2
 4
 8
 16
 28
 38
 49
 1
 3
 6
